Count of layers: 3 (4 | 10 | 3)
With biases: true
Biases on: true
With softmax: true
Hidden neurons function: ReLU
Output neurons function: linear
l0 weights: 
 -0.76104007080294200000 -0.44541764580217902000 0.97949156163212980000 -0.64165166173284094000
 0.17733191101413429000 1.07366827045395090000 -0.86326332549452567000 0.06422101540955337000
 0.99720314623895612000 -0.22022769661676342000 -0.65055126655699769000 -0.45616569541699636000
 0.52508951346555988000 0.96974239855123634000 -0.01850759110274809200 -1.07023773219199710000
 -0.78392895290993991000 -0.14310129093295088000 -0.23740348521378218000 0.76683858760338142000
 0.24860579407126515000 -0.39318323595230154000 0.65095360313574047000 0.38704539702260893000
 0.10270444507928315000 -0.24935237394319237000 0.53834468778205291000 0.74720192904897764000
 0.34373774223892761000 -0.10280567148945481000 1.13429282161678820000 0.24826271416825077000
 0.04300057985168015400 -0.38547929319132057000 -0.83489486373485522000 0.36143070772423469000
 0.62749160031627504000 0.01286076869833019400 -0.86510706084078981000 0.05954104772895992000
l0 biases: 
 -0.42655720694601273000 -0.74619908760937637000 0.58776908425705043000 0.65628544073672490000 0.50712607196264536000 -0.48220695279273551000 -0.43652810148155019000 -0.44052604064088119000 0.11044648579363381000 0.86847285810881503000
l1 weights: 
 0.32804345835749382000 0.55629724576703421000 -0.05642813474698397300 0.73202292226836130000 -0.61363567003387554000 -1.42276042406872220000 -0.94548695802265881000 0.51815553279280835000 -0.94433423871578115000 0.58105329348907286000
 0.42851039155247661000 -0.74105412461456555000 0.36849841416839851000 0.54146700385705582000 -0.82763145847956787000 0.61878001256399229000 0.38051672301041184000 -0.27140079859599708000 -0.11264381847590565000 0.83040667044306671000
 -0.06637775811029389400 0.39341192813491410000 -0.96006979112526103000 -0.90754247899874374000 -0.18674275948362684000 -0.12594909073839422000 0.81073579182245514000 1.40548685032422040000 0.46024964140751368000 -0.48415505350397864000
l1 biases: 
 0.60631253504445426000 -0.56689745828465676000 -0.02089034150789023000
