------------------
input: 5.0999999999999996 3.5 1.3999999999999999 0.20000000000000001
prediction: 0.99034584874035136 0.0096539304162883699 2.2084336037441961e-007
output: 1 0 0
------------------
input: 4.9000000000000004 3 1.3999999999999999 0.20000000000000001
prediction: 0.96754812381178479 0.032450764367501495 1.1118207136569905e-006
output: 1 0 0
------------------
input: 4.7000000000000002 3.2000000000000002 1.3 0.20000000000000001
prediction: 0.98581643822947385 0.014182965071755304 5.9669877074029295e-007
output: 1 0 0
------------------
input: 4.5999999999999996 3.1000000000000001 1.5 0.20000000000000001
prediction: 0.97529770778634739 0.024700077260558177 2.2149530943407494e-006
output: 1 0 0
------------------
input: 5 3.6000000000000001 1.3999999999999999 0.20000000000000001
prediction: 0.99306990127632289 0.0069298976845158155 2.0103916118024655e-007
output: 1 0 0
------------------
input: 5.4000000000000004 3.8999999999999999 1.7 0.40000000000000002
prediction: 0.99092529719932332 0.009074289742055295 4.1305862150751477e-007
output: 1 0 0
------------------
input: 4.5999999999999996 3.3999999999999999 1.3999999999999999 0.29999999999999999
prediction: 0.98919752373379122 0.010801487283486514 9.8898272222889454e-007
output: 1 0 0
------------------
input: 5 3.3999999999999999 1.5 0.20000000000000001
prediction: 0.98583916644108971 0.014160306375290459 5.2718361995662026e-007
output: 1 0 0
------------------
input: 4.4000000000000004 2.8999999999999999 1.3999999999999999 0.20000000000000001
prediction: 0.96875384490124183 0.031242851951518404 3.303147239728407e-006
output: 1 0 0
------------------
input: 4.9000000000000004 3.1000000000000001 1.5 0.10000000000000001
prediction: 0.97446494354979318 0.025534164049737341 8.9240046942393335e-007
output: 1 0 0
------------------
input: 5.4000000000000004 3.7000000000000002 1.5 0.20000000000000001
prediction: 0.99191918696214243 0.0080806881383747257 1.2489948283380072e-007
output: 1 0 0
------------------
input: 4.7999999999999998 3.3999999999999999 1.6000000000000001 0.20000000000000001
prediction: 0.98507385112769974 0.014925002075713007 1.1467965872346084e-006
output: 1 0 0
------------------
input: 4.7999999999999998 3 1.3999999999999999 0.10000000000000001
prediction: 0.97365828558450374 0.026340840964018692 8.734514773433764e-007
output: 1 0 0
------------------
input: 4.2999999999999998 3 1.1000000000000001 0.10000000000000001
prediction: 0.98730544334037795 0.012693953136727915 6.0352289410444748e-007
output: 1 0 0
------------------
input: 5.7999999999999998 4 1.2 0.20000000000000001
prediction: 0.99714004828444092 0.0028599433944336136 8.3211255424171907e-009
output: 1 0 0
------------------
input: 5.7000000000000002 4.4000000000000004 1.5 0.40000000000000002
prediction: 0.99801924418343324 0.001980727859005165 2.7957561553590516e-008
output: 1 0 0
------------------
input: 5.4000000000000004 3.8999999999999999 1.3 0.40000000000000002
prediction: 0.9955242381118028 0.0044756926440363137 6.9244160884051827e-008
output: 1 0 0
------------------
input: 5.0999999999999996 3.5 1.3999999999999999 0.29999999999999999
prediction: 0.98877142982906119 0.01122823701367625 3.3315726253162982e-007
output: 1 0 0
------------------
input: 5.7000000000000002 3.7999999999999998 1.7 0.29999999999999999
prediction: 0.98771585120626448 0.012283933073142978 2.1572059261141957e-007
output: 1 0 0
------------------
input: 5.0999999999999996 3.7999999999999998 1.5 0.29999999999999999
prediction: 0.99403708866454787 0.0059626724453629406 2.3889008909462385e-007
output: 1 0 0
------------------
input: 5.4000000000000004 3.3999999999999999 1.7 0.20000000000000001
prediction: 0.97437814674857215 0.025621194382071468 6.5886935637446815e-007
output: 1 0 0
------------------
input: 5.0999999999999996 3.7000000000000002 1.5 0.40000000000000002
prediction: 0.9909106472798781 0.0090888851911606824 4.6752896122494706e-007
output: 1 0 0
------------------
input: 4.5999999999999996 3.6000000000000001 1 0.20000000000000001
prediction: 0.99646717732478707 0.0035327312211559585 9.1454057064313095e-008
output: 1 0 0
------------------
input: 5.0999999999999996 3.2999999999999998 1.7 0.5
prediction: 0.95668576073331779 0.043309480337537863 4.7589291443165728e-006
output: 1 0 0
------------------
input: 4.7999999999999998 3.3999999999999999 1.8999999999999999 0.20000000000000001
prediction: 0.97481368285383441 0.025181970354652423 4.3467915131556513e-006
output: 1 0 0
------------------
input: 5 3 1.6000000000000001 0.20000000000000001
prediction: 0.95152631403038002 0.048471416748751384 2.2692208686178755e-006
output: 1 0 0
------------------
input: 5 3.3999999999999999 1.6000000000000001 0.40000000000000002
prediction: 0.97724159897855811 0.022756534300160846 1.8667212809727724e-006
output: 1 0 0
------------------
input: 5.2000000000000002 3.5 1.5 0.20000000000000001
prediction: 0.98775806816612155 0.012241639666339099 2.9216753930686132e-007
output: 1 0 0
------------------
input: 5.2000000000000002 3.3999999999999999 1.3999999999999999 0.20000000000000001
prediction: 0.98656550596383297 0.013434251699012021 2.4233715502268972e-007
output: 1 0 0
------------------
input: 4.7000000000000002 3.2000000000000002 1.6000000000000001 0.20000000000000001
prediction: 0.97605532535021067 0.023942411761495547 2.2628882938635744e-006
output: 1 0 0
------------------
input: 4.7999999999999998 3.1000000000000001 1.6000000000000001 0.20000000000000001
prediction: 0.96686684666673905 0.03313068415772049 2.4691755403742507e-006
output: 1 0 0
------------------
input: 5.4000000000000004 3.3999999999999999 1.5 0.40000000000000002
prediction: 0.97560658386886445 0.024392800899587921 6.1523154759948019e-007
output: 1 0 0
------------------
input: 5.2000000000000002 4.0999999999999996 1.5 0.10000000000000001
prediction: 0.99780403830360032 0.0021959179536450305 4.3742754714011317e-008
output: 1 0 0
------------------
input: 5.5 4.2000000000000002 1.3999999999999999 0.20000000000000001
prediction: 0.99810176756300406 0.0018982135323035003 1.8904692513270722e-008
output: 1 0 0
------------------
input: 4.9000000000000004 3.1000000000000001 1.5 0.10000000000000001
prediction: 0.97446494354979318 0.025534164049737341 8.9240046942393335e-007
output: 1 0 0
------------------
input: 5 3.2000000000000002 1.2 0.20000000000000001
prediction: 0.98569225321271814 0.014307514453307994 2.3233397400141823e-007
output: 1 0 0
------------------
input: 5.5 3.5 1.3 0.20000000000000001
prediction: 0.98964187449852792 0.010358052646052041 7.2855419984190819e-008
output: 1 0 0
------------------
input: 4.9000000000000004 3.1000000000000001 1.5 0.10000000000000001
prediction: 0.97446494354979318 0.025534164049737341 8.9240046942393335e-007
output: 1 0 0
------------------
input: 4.4000000000000004 3 1.3 0.20000000000000001
prediction: 0.9798464995397087 0.020151857072298492 1.643387992788318e-006
output: 1 0 0
------------------
input: 5.0999999999999996 3.3999999999999999 1.5 0.20000000000000001
prediction: 0.98494358019687578 0.015055973282786052 4.4652033812785074e-007
output: 1 0 0
------------------
input: 5 3.5 1.3 0.29999999999999999
prediction: 0.99114692135399585 0.0088528268739657707 2.5177203855571626e-007
output: 1 0 0
------------------
input: 4.5 2.2999999999999998 1.3 0.29999999999999999
prediction: 0.85382736157983585 0.1461611690371421 1.1469383022000445e-005
output: 1 0 0
------------------
input: 4.4000000000000004 3.2000000000000002 1.3 0.20000000000000001
prediction: 0.98820329501163529 0.011795723278328781 9.8171003592467129e-007
output: 1 0 0
------------------
input: 5 3.5 1.6000000000000001 0.59999999999999998
prediction: 0.97648802917573907 0.023508693392032452 3.2774322284315063e-006
output: 1 0 0
------------------
input: 5.0999999999999996 3.7999999999999998 1.8999999999999999 0.40000000000000002
prediction: 0.985964505002493 0.01403334938053442 2.1456169726259794e-006
output: 1 0 0
------------------
input: 4.7999999999999998 3 1.3999999999999999 0.29999999999999999
prediction: 0.96458521047064305 0.035412813994724499 1.9755346323843152e-006
output: 1 0 0
------------------
input: 5.0999999999999996 3.7999999999999998 1.6000000000000001 0.20000000000000001
prediction: 0.99388586686300573 0.0061138858017486374 2.4733524569624123e-007
output: 1 0 0
------------------
input: 4.5999999999999996 3.2000000000000002 1.3999999999999999 0.20000000000000001
prediction: 0.98410529353243925 0.015893607116326595 1.0993512341056366e-006
output: 1 0 0
------------------
input: 5.2999999999999998 3.7000000000000002 1.5 0.20000000000000001
prediction: 0.99240307770507674 0.0075967748946120595 1.47400311083829e-007
output: 1 0 0
------------------
input: 5 3.2999999999999998 1.3999999999999999 0.20000000000000001
prediction: 0.98446266250975289 0.015536900302692839 4.371875543715044e-007
output: 1 0 0
------------------
input: 7 3.2000000000000002 4.7000000000000002 1.3999999999999999
prediction: 0.0062333760904621409 0.94530417954137713 0.048462444368160683
output: 0 1 0
------------------
input: 6.4000000000000004 3.2000000000000002 4.5 1.5
prediction: 0.0096757771780734726 0.8645051827426885 0.12581904007923808
output: 0 1 0
------------------
input: 6.9000000000000004 3.1000000000000001 4.9000000000000004 1.5
prediction: 0.0039041501561900894 0.83199007188375484 0.1641057779600551
output: 0 1 0
------------------
input: 5.5 2.2999999999999998 4 1.3
prediction: 0.0098751890659682824 0.73915900463988116 0.2509658062941505
output: 0 1 0
------------------
input: 6.5 2.7999999999999998 4.5999999999999996 1.5
prediction: 0.0043141428348528778 0.79896484350430086 0.19672101366084624
output: 0 1 0
------------------
input: 5.7000000000000002 2.7999999999999998 4.5 1.3
prediction: 0.0089404257429604034 0.56803765228968539 0.42302192196735411
output: 0 1 0
------------------
input: 6.2999999999999998 3.2999999999999998 4.7000000000000002 1.6000000000000001
prediction: 0.0068834499175637063 0.69452215541033302 0.29859439467210319
output: 0 1 0
------------------
input: 4.9000000000000004 2.3999999999999999 3.2999999999999998 1
prediction: 0.05874227805992395 0.89825766864584189 0.043000053294234099
output: 0 1 0
------------------
input: 6.5999999999999996 2.8999999999999999 4.5999999999999996 1.3
prediction: 0.0070292767056564353 0.89967805202427509 0.093292671270068447
output: 0 1 0
------------------
input: 5.2000000000000002 2.7000000000000002 3.8999999999999999 1.3999999999999999
prediction: 0.018608454194312316 0.69753993633789135 0.28385160946779642
output: 0 1 0
------------------
input: 5 2 3.5 1
prediction: 0.026852069949567015 0.86743201183944851 0.10571591821098451
output: 0 1 0
------------------
input: 5.9000000000000004 3 4.2000000000000002 1.5
prediction: 0.0125778376203689 0.82301380481168462 0.16440835756794656
output: 0 1 0
------------------
input: 6 2.2000000000000002 4 1
prediction: 0.011637861461796671 0.93988001974831592 0.048482118789887389
output: 0 1 0
------------------
input: 6.0999999999999996 2.8999999999999999 4.7000000000000002 1.3999999999999999
prediction: 0.0056958763038146617 0.59723303021287832 0.39707109348330694
output: 0 1 0
------------------
input: 5.5999999999999996 2.8999999999999999 3.6000000000000001 1.3
prediction: 0.049768955216880947 0.90875534620368847 0.04147569857943062
output: 0 1 0
------------------
input: 6.7000000000000002 3.1000000000000001 4.4000000000000004 1.3999999999999999
prediction: 0.0093522052377521814 0.94992350873465903 0.040724286027588909
output: 0 1 0
------------------
input: 5.5999999999999996 3 4.5 1.5
prediction: 0.0071005350273526625 0.43835950474210272 0.55453996023054464
output: 0 1 0
------------------
input: 5.7999999999999998 2.7000000000000002 4.0999999999999996 1
prediction: 0.024344658292107205 0.91186996330935566 0.063785378398537207
output: 0 1 0
------------------
input: 6.2000000000000002 2.2000000000000002 4.5 1.5
prediction: 0.0019719655823722481 0.58713249140691026 0.41089554301071751
output: 0 1 0
------------------
input: 5.5999999999999996 2.5 3.8999999999999999 1.1000000000000001
prediction: 0.021201233434901028 0.89918642832642071 0.079612338238678346
output: 0 1 0
------------------
input: 5.9000000000000004 3.2000000000000002 4.7999999999999998 1.8
prediction: 0.0020166701275555208 0.24350403846702959 0.75447929140541492
output: 0 1 0
------------------
input: 6.0999999999999996 2.7999999999999998 4 1.3
prediction: 0.014681634164085685 0.94378688069243832 0.041531485143475891
output: 0 1 0
------------------
input: 6.2999999999999998 2.5 4.9000000000000004 1.5
prediction: 0.0013046075645420925 0.36966629072398349 0.62902910171147441
output: 0 1 0
------------------
input: 6.0999999999999996 2.7999999999999998 4.7000000000000002 1.2
prediction: 0.007893848468389834 0.68498940894732097 0.30711674258428912
output: 0 1 0
------------------
input: 6.4000000000000004 2.8999999999999999 4.2999999999999998 1.3
prediction: 0.010573268747093401 0.9365603248699288 0.052866406382977633
output: 0 1 0
------------------
input: 6.5999999999999996 3 4.4000000000000004 1.3999999999999999
prediction: 0.008129033079160658 0.93817368112575361 0.053697285795085675
output: 0 1 0
------------------
input: 6.7999999999999998 2.7999999999999998 4.7999999999999998 1.3999999999999999
prediction: 0.0036053366107760506 0.83739962010284152 0.15899504328638242
output: 0 1 0
------------------
input: 6.7000000000000002 3 5 1.7
prediction: 0.0017683894586458346 0.53481751039973047 0.46341410014162371
output: 0 1 0
------------------
input: 6 2.8999999999999999 4.5 1.5
prediction: 0.006568091639735131 0.65119850593562367 0.34223340242464129
output: 0 1 0
------------------
input: 5.7000000000000002 2.6000000000000001 3.5 1
prediction: 0.040720893327397201 0.94758635778745337 0.011692748885149439
output: 0 1 0
------------------
input: 5.5 2.3999999999999999 3.7999999999999998 1.1000000000000001
prediction: 0.021600532586899958 0.89944449200919485 0.078954975403905114
output: 0 1 0
------------------
input: 5.5 2.3999999999999999 3.7000000000000002 1
prediction: 0.02796797518519779 0.92822308624692185 0.043808938567880457
output: 0 1 0
------------------
input: 5.7999999999999998 2.7000000000000002 3.8999999999999999 1.2
prediction: 0.020481388507457687 0.9279374599143535 0.051581151578188697
output: 0 1 0
------------------
input: 6 2.7000000000000002 5.0999999999999996 1.6000000000000001
prediction: 0.00051047836652785481 0.11509851918758682 0.88439100244588542
output: 0 1 0
------------------
input: 5.4000000000000004 3 4.5 1.5
prediction: 0.0062073667580143247 0.32314842675364808 0.67064420648833756
output: 0 1 0
------------------
input: 6 3.3999999999999999 4.5 1.6000000000000001
prediction: 0.014159082847852243 0.66682657415294433 0.31901434299920339
output: 0 1 0
------------------
input: 6.7000000000000002 3.1000000000000001 4.7000000000000002 1.5
prediction: 0.00546587309386979 0.86099957403453586 0.13353455287159435
output: 0 1 0
------------------
input: 6.2999999999999998 2.2999999999999998 4.4000000000000004 1.3
prediction: 0.0042924950514426595 0.82696696462849562 0.16874054032006175
output: 0 1 0
------------------
input: 5.5999999999999996 3 4.0999999999999996 1.3
prediction: 0.024471684335337873 0.82835610823650219 0.14717220742816001
output: 0 1 0
------------------
input: 5.5 2.5 4 1.3
prediction: 0.013515796256340763 0.77578837375828891 0.21069582998537037
output: 0 1 0
------------------
input: 5.5 2.6000000000000001 4.4000000000000004 1.2
prediction: 0.0097642147929284436 0.54373061820174218 0.44650516700532933
output: 0 1 0
------------------
input: 6.0999999999999996 3 4.5999999999999996 1.3999999999999999
prediction: 0.0081727670189699255 0.7025952578786987 0.2892319751023314
output: 0 1 0
------------------
input: 5.7999999999999998 2.6000000000000001 4 1.2
prediction: 0.016334435096778253 0.90263174802000057 0.081033816883221074
output: 0 1 0
------------------
input: 5 2.2999999999999998 3.2999999999999998 1
prediction: 0.04805245337793447 0.91376281951116212 0.038184727110903385
output: 0 1 0
------------------
input: 5.5999999999999996 2.7000000000000002 4.2000000000000002 1.3
prediction: 0.013327714222760278 0.72877314710238883 0.25789913867485098
output: 0 1 0
------------------
input: 5.7000000000000002 3 4.2000000000000002 1.2
prediction: 0.024834343182641622 0.84539307706130229 0.12977257975605619
output: 0 1 0
------------------
input: 5.7000000000000002 2.8999999999999999 4.2000000000000002 1.3
prediction: 0.017619536938801018 0.8045679251394654 0.17781253792173363
output: 0 1 0
------------------
input: 6.2000000000000002 2.8999999999999999 4.2999999999999998 1.3
prediction: 0.012105034879317855 0.90416525986444074 0.083729705256241377
output: 0 1 0
------------------
input: 5.0999999999999996 2.5 3 1.1000000000000001
prediction: 0.089064767703379802 0.89651108611908614 0.01442414617753408
output: 0 1 0
------------------
input: 5.7000000000000002 2.7999999999999998 4.0999999999999996 1.3
prediction: 0.017189922919171048 0.83923927984886781 0.14357079723196128
output: 0 1 0
------------------
input: 6.2999999999999998 3.2999999999999998 6 2.5
prediction: 2.3905003839123867e-006 0.002527460079253134 0.99747014942036294
output: 0 0 1
------------------
input: 5.7999999999999998 2.7000000000000002 5.0999999999999996 1.8999999999999999
prediction: 0.00011624219182897778 0.035822994360287783 0.96406076344788327
output: 0 0 1
------------------
input: 7.0999999999999996 3 5.9000000000000004 2.1000000000000001
prediction: 2.7061195020852912e-005 0.039641235391743912 0.96033170341323515
output: 0 0 1
------------------
input: 6.2999999999999998 2.8999999999999999 5.5999999999999996 1.8
prediction: 7.4134599686649357e-005 0.031749143314840939 0.96817672208547234
output: 0 0 1
------------------
input: 6.5 3 5.7999999999999998 2.2000000000000002
prediction: 1.074370360977479e-005 0.010378512894623531 0.98961074340176658
output: 0 0 1
------------------
input: 7.5999999999999996 3 6.5999999999999996 2.1000000000000001
prediction: 3.016302275685193e-006 0.010729986938588355 0.98926699675913599
output: 0 0 1
------------------
input: 4.9000000000000004 2.5 4.5 1.7
prediction: 0.00050503146113011713 0.046000436651479015 0.95349453188739086
output: 0 0 1
------------------
input: 7.2999999999999998 2.8999999999999999 6.2999999999999998 1.8
prediction: 1.8110874569359855e-005 0.028846052761385969 0.97113583636404466
output: 0 0 1
------------------
input: 6.7000000000000002 2.5 5.7999999999999998 1.8
prediction: 2.255424561160588e-005 0.026352023378728967 0.97362542237565952
output: 0 0 1
------------------
input: 7.2000000000000002 3.6000000000000001 6.0999999999999996 2.5
prediction: 1.1322888821290368e-005 0.017692047052937334 0.9822966300582413
output: 0 0 1
------------------
input: 6.5 3.2000000000000002 5.0999999999999996 2
prediction: 0.00065499134434344824 0.22175830926892934 0.7775866993867272
output: 0 0 1
------------------
input: 6.4000000000000004 2.7000000000000002 5.2999999999999998 1.8999999999999999
prediction: 0.00012432357247877749 0.072893573558312275 0.92698210286920901
output: 0 0 1
------------------
input: 6.7999999999999998 3 5.5 2.1000000000000001
prediction: 9.0374941310628767e-005 0.078772407139323236 0.9211372179193662
output: 0 0 1
------------------
input: 5.7000000000000002 2.5 5 2
prediction: 6.2508331422243103e-005 0.025369943969529296 0.97456754769904841
output: 0 0 1
------------------
input: 5.7999999999999998 2.7999999999999998 5.0999999999999996 2.3999999999999999
prediction: 1.9220273529173035e-005 0.011601022527226598 0.98837975719924431
output: 0 0 1
------------------
input: 6.4000000000000004 3.2000000000000002 5.2999999999999998 2.2999999999999998
prediction: 8.2805387762263871e-005 0.047603021361240276 0.95231417325099743
output: 0 0 1
------------------
input: 6.5 3 5.5 1.8
prediction: 0.00019194313860516497 0.079924733413565902 0.91988332344782897
output: 0 0 1
------------------
input: 7.7000000000000002 3.7999999999999998 6.7000000000000002 2.2000000000000002
prediction: 1.0660607728324046e-005 0.017917768837797603 0.98207157055447403
output: 0 0 1
------------------
input: 7.7000000000000002 2.6000000000000001 6.9000000000000004 2.2999999999999998
prediction: 1.7806301641547845e-007 0.0020212929097849796 0.99797852902719864
output: 0 0 1
------------------
input: 6 2.2000000000000002 5 1.5
prediction: 0.00034851182811774769 0.12162375430222826 0.87802773386965394
output: 0 0 1
------------------
input: 6.9000000000000004 3.2000000000000002 5.7000000000000002 2.2999999999999998
prediction: 3.3231457730370562e-005 0.038075371540972805 0.96189139700129678
output: 0 0 1
------------------
input: 5.5999999999999996 2.7999999999999998 4.9000000000000004 2
prediction: 0.00016819039356525954 0.039411452032357144 0.96042035757407762
output: 0 0 1
------------------
input: 7.7000000000000002 2.7999999999999998 6.7000000000000002 2
prediction: 2.1355174848573494e-006 0.0098090195548857593 0.99018884492762937
output: 0 0 1
------------------
input: 6.2999999999999998 2.7000000000000002 4.9000000000000004 1.8
prediction: 0.00072640092343831191 0.2558385213929727 0.74343507768358896
output: 0 0 1
------------------
input: 6.7000000000000002 3.2999999999999998 5.7000000000000002 2.1000000000000001
prediction: 6.9822242816016964e-005 0.042811931162251127 0.95711824659493283
output: 0 0 1
------------------
input: 7.2000000000000002 3.2000000000000002 6 1.8
prediction: 0.00011039535147198154 0.088988498539891811 0.91090110610863617
output: 0 0 1
------------------
input: 6.2000000000000002 2.7999999999999998 4.7999999999999998 1.8
prediction: 0.0011399119070631012 0.30226739861282637 0.69659268948011055
output: 0 0 1
------------------
input: 6.0999999999999996 3 4.9000000000000004 1.8
prediction: 0.0011355585684868436 0.22647389027662837 0.77239055115488486
output: 0 0 1
------------------
input: 6.4000000000000004 2.7999999999999998 5.5999999999999996 2.1000000000000001
prediction: 2.003068234281184e-005 0.017291194260495055 0.98268877505716212
output: 0 0 1
------------------
input: 7.2000000000000002 3 5.7999999999999998 1.6000000000000001
prediction: 0.00031856478414900839 0.21273284372390472 0.78694859149194618
output: 0 0 1
------------------
input: 7.4000000000000004 2.7999999999999998 6.0999999999999996 1.8999999999999999
prediction: 2.5620074609912136e-005 0.052252660552475669 0.9477217193729145
output: 0 0 1
------------------
input: 7.9000000000000004 3.7999999999999998 6.4000000000000004 2
prediction: 0.00010973162364574922 0.13008870433923761 0.86980156403711661
output: 0 0 1
------------------
input: 6.4000000000000004 2.7999999999999998 5.5999999999999996 2.2000000000000002
prediction: 1.3294414888694792e-005 0.013480787994587925 0.98650591759052342
output: 0 0 1
------------------
input: 6.2999999999999998 2.7999999999999998 5.0999999999999996 1.5
prediction: 0.0012997093146581737 0.28212623969068407 0.71657405099465787
output: 0 0 1
------------------
input: 6.0999999999999996 2.6000000000000001 5.5999999999999996 1.3999999999999999
prediction: 0.00013826521432122067 0.039361701553047045 0.96050003323263178
output: 0 0 1
------------------
input: 7.7000000000000002 3 6.0999999999999996 2.2999999999999998
prediction: 1.3014374809059404e-005 0.05004892973568912 0.94993805588950175
output: 0 0 1
------------------
input: 6.2999999999999998 3.3999999999999999 5.5999999999999996 2.3999999999999999
prediction: 2.1429231393080641e-005 0.012416278076104308 0.98756229269250262
output: 0 0 1
------------------
input: 6.4000000000000004 3.1000000000000001 5.5 1.8
prediction: 0.00021050089554983199 0.070484688408149393 0.92930481069630078
output: 0 0 1
------------------
input: 6 3 4.7999999999999998 1.8
prediction: 0.0014471262673675411 0.24813664668346452 0.75041622704916788
output: 0 0 1
------------------
input: 6.9000000000000004 3.1000000000000001 5.4000000000000004 2.1000000000000001
prediction: 0.00019310895886951148 0.15028086775736413 0.84952602328376636
output: 0 0 1
------------------
input: 6.7000000000000002 3.1000000000000001 5.5999999999999996 2.3999999999999999
prediction: 1.9478220755531472e-005 0.023635227152519905 0.97634529462672459
output: 0 0 1
------------------
input: 6.9000000000000004 3.1000000000000001 5.0999999999999996 2.2999999999999998
prediction: 0.0002760019973778299 0.24324382171155035 0.75648017629107178
output: 0 0 1
------------------
input: 5.7999999999999998 2.7000000000000002 5.0999999999999996 1.8999999999999999
prediction: 0.00011624219182897778 0.035822994360287783 0.96406076344788327
output: 0 0 1
------------------
input: 6.7999999999999998 3.2000000000000002 5.9000000000000004 2.2999999999999998
prediction: 1.216058919883105e-005 0.014595888713381387 0.98539195069741969
output: 0 0 1
------------------
input: 6.7000000000000002 3.2999999999999998 5.7000000000000002 2.5
prediction: 1.3714237560398586e-005 0.016010684880904839 0.9839756008815348
output: 0 0 1
------------------
input: 6.7000000000000002 3 5.2000000000000002 2.2999999999999998
prediction: 0.00011938354842777191 0.10821227724437929 0.89166833920719302
output: 0 0 1
------------------
input: 6.2999999999999998 2.5 5 1.8999999999999999
prediction: 0.00022367931308305924 0.12889164268440884 0.87088467800250813
output: 0 0 1
------------------
input: 6.5 3 5.2000000000000002 2
prediction: 0.00028914836311466722 0.13635079169287034 0.8633600599440151
output: 0 0 1
------------------
input: 6.2000000000000002 3.3999999999999999 5.4000000000000004 2.2999999999999998
prediction: 6.4707484068940411e-005 0.025691926071243799 0.97424336644468723
output: 0 0 1
------------------
input: 5.9000000000000004 3 5.0999999999999996 1.8
prediction: 0.00041110232074393038 0.078870998967682196 0.92071789871157383
output: 0 0 1
------------------
accurency: 97.62682506728840800000